832
1871
 256   12    1    0
 257   12    1    1
 258   12    2    0
 259   12    2    1
 260   11    1    0
 261   11    1    1
 262   11    2    0
 263   11    2    1
 264    9    2    1
 265    9    2    0
 266    9    1    1
 267    9    1    0
 268   10    2    1
 269   10    2    0
 270   10    1    1
 271   10    1    0
 288    4    2    0
 289    4    2    1
 290    4    1    0
 291    4    1    1
 292    3    2    0
 293    3    2    1
 294    3    1    0
 295    3    1    1
 296    1    1    1
 297    1    1    0
 298    1    2    1
 299    1    2    0
 300    2    1    1
 301    2    1    0
 302    2    2    1
 303    2    2    0
 304    5    2    0
 305    5    2    1
 306    5    1    0
 307    5    1    1
 308    6    2    0
 309    6    2    1
 310    6    1    0
 311    6    1    1
 312    8    1    1
 313    8    1    0
 314    8    2    1
 315    8    2    0
 316    7    1    1
 317    7    1    0
 318    7    2    1
 319    7    2    0
 320   13    1    0
 321   13    1    1
 322   13    2    0
 323   13    2    1
 324   14    1    0
 325   14    1    1
 326   14    2    0
 327   14    2    1
 328   16    2    1
 329   16    2    0
 330   16    1    1
 331   16    1    0
 332   15    2    1
 333   15    2    0
 334   15    1    1
 335   15    1    0
 384   12    3    0
 385   12    3    1
 386   12    4    0
 387   12    4    1
 388   11    3    0
 389   11    3    1
 390   11    4    0
 391   11    4    1
 392    9    4    1
 393    9    4    0
 394    9    3    1
 395    9    3    0
 396   10    4    1
 397   10    4    0
 398   10    3    1
 399   10    3    0
 416    4    4    0
 417    4    4    1
 418    4    3    0
 419    4    3    1
 420    3    4    0
 421    3    4    1
 422    3    3    0
 423    3    3    1
 424    1    3    1
 425    1    3    0
 426    1    4    1
 427    1    4    0
 428    2    3    1
 429    2    3    0
 430    2    4    1
 431    2    4    0
 432    5    4    0
 433    5    4    1
 434    5    3    0
 435    5    3    1
 436    6    4    0
 437    6    4    1
 438    6    3    0
 439    6    3    1
 440    8    3    1
 441    8    3    0
 442    8    4    1
 443    8    4    0
 444    7    3    1
 445    7    3    0
 446    7    4    1
 447    7    4    0
 448   13    3    0
 449   13    3    1
 450   13    4    0
 451   13    4    1
 452   14    3    0
 453   14    3    1
 454   14    4    0
 455   14    4    1
 456   16    4    1
 457   16    4    0
 458   16    3    1
 459   16    3    0
 460   15    4    1
 461   15    4    0
 462   15    3    1
 463   15    3    0
 512   12    5    0
 513   12    5    1
 514   12    6    0
 515   12    6    1
 516   11    5    0
 517   11    5    1
 518   11    6    0
 519   11    6    1
 520    9    6    1
 521    9    6    0
 522    9    5    1
 523    9    5    0
 524   10    6    1
 525   10    6    0
 526   10    5    1
 527   10    5    0
 544    4    6    0
 545    4    6    1
 546    4    5    0
 547    4    5    1
 548    3    6    0
 549    3    6    1
 550    3    5    0
 551    3    5    1
 552    1    5    1
 553    1    5    0
 554    1    6    1
 555    1    6    0
 556    2    5    1
 557    2    5    0
 558    2    6    1
 559    2    6    0
 560    5    6    0
 561    5    6    1
 562    5    5    0
 563    5    5    1
 564    6    6    0
 565    6    6    1
 566    6    5    0
 567    6    5    1
 568    8    5    1
 569    8    5    0
 570    8    6    1
 571    8    6    0
 572    7    5    1
 573    7    5    0
 574    7    6    1
 575    7    6    0
 576   13    5    0
 577   13    5    1
 578   13    6    0
 579   13    6    1
 580   14    5    0
 581   14    5    1
 582   14    6    0
 583   14    6    1
 584   16    6    1
 585   16    6    0
 586   16    5    1
 587   16    5    0
 588   15    6    1
 589   15    6    0
 590   15    5    1
 591   15    5    0
 640   12    7    0
 641   12    7    1
 642   12    8    0
 643   12    8    1
 644   11    7    0
 645   11    7    1
 646   11    8    0
 647   11    8    1
 648    9    8    1
 649    9    8    0
 650    9    7    1
 651    9    7    0
 652   10    8    1
 653   10    8    0
 654   10    7    1
 655   10    7    0
 672    4    8    0
 673    4    8    1
 674    4    7    0
 675    4    7    1
 676    3    8    0
 677    3    8    1
 678    3    7    0
 679    3    7    1
 680    1    7    1
 681    1    7    0
 682    1    8    1
 683    1    8    0
 684    2    7    1
 685    2    7    0
 686    2    8    1
 687    2    8    0
 688    5    8    0
 689    5    8    1
 690    5    7    0
 691    5    7    1
 692    6    8    0
 693    6    8    1
 694    6    7    0
 695    6    7    1
 696    8    7    1
 697    8    7    0
 698    8    8    1
 699    8    8    0
 700    7    7    1
 701    7    7    0
 702    7    8    1
 703    7    8    0
 704   13    7    0
 705   13    7    1
 706   13    8    0
 707   13    8    1
 708   14    7    0
 709   14    7    1
 710   14    8    0
 711   14    8    1
 712   16    8    1
 713   16    8    0
 714   16    7    1
 715   16    7    0
 716   15    8    1
 717   15    8    0
 718   15    7    1
 719   15    7    0
 768   12    9    0
 769   12    9    1
 770   12   10    0
 771   12   10    1
 772   11    9    0
 773   11    9    1
 774   11   10    0
 775   11   10    1
 776    9   10    1
 777    9   10    0
 778    9    9    1
 779    9    9    0
 780   10   10    1
 781   10   10    0
 782   10    9    1
 783   10    9    0
 800    4   10    0
 801    4   10    1
 802    4    9    0
 803    4    9    1
 804    3   10    0
 805    3   10    1
 806    3    9    0
 807    3    9    1
 808    1    9    1
 809    1    9    0
 810    1   10    1
 811    1   10    0
 812    2    9    1
 813    2    9    0
 814    2   10    1
 815    2   10    0
 816    5   10    0
 817    5   10    1
 818    5    9    0
 819    5    9    1
 820    6   10    0
 821    6   10    1
 822    6    9    0
 823    6    9    1
 824    8    9    1
 825    8    9    0
 826    8   10    1
 827    8   10    0
 828    7    9    1
 829    7    9    0
 830    7   10    1
 831    7   10    0
 832   13    9    0
 833   13    9    1
 834   13   10    0
 835   13   10    1
 836   14    9    0
 837   14    9    1
 838   14   10    0
 839   14   10    1
 840   16   10    1
 841   16   10    0
 842   16    9    1
 843   16    9    0
 844   15   10    1
 845   15   10    0
 846   15    9    1
 847   15    9    0
 896   12   11    0
 897   12   11    1
 898   12   12    0
 899   12   12    1
 900   11   11    0
 901   11   11    1
 902   11   12    0
 903   11   12    1
 904    9   12    1
 905    9   12    0
 906    9   11    1
 907    9   11    0
 908   10   12    1
 909   10   12    0
 910   10   11    1
 911   10   11    0
 928    4   12    0
 929    4   12    1
 930    4   11    0
 931    4   11    1
 932    3   12    0
 933    3   12    1
 934    3   11    0
 935    3   11    1
 936    1   11    1
 937    1   11    0
 938    1   12    1
 939    1   12    0
 940    2   11    1
 941    2   11    0
 942    2   12    1
 943    2   12    0
 944    5   12    0
 945    5   12    1
 946    5   11    0
 947    5   11    1
 948    6   12    0
 949    6   12    1
 950    6   11    0
 951    6   11    1
 952    8   11    1
 953    8   11    0
 954    8   12    1
 955    8   12    0
 956    7   11    1
 957    7   11    0
 958    7   12    1
 959    7   12    0
 960   13   11    0
 961   13   11    1
 962   13   12    0
 963   13   12    1
 964   14   11    0
 965   14   11    1
 966   14   12    0
 967   14   12    1
 968   16   12    1
 969   16   12    0
 970   16   11    1
 971   16   11    0
 972   15   12    1
 973   15   12    0
 974   15   11    1
 975   15   11    0
1024   12   13    0
1025   12   13    1
1026   12   14    0
1027   12   14    1
1028   11   13    0
1029   11   13    1
1030   11   14    0
1031   11   14    1
1032    9   14    1
1033    9   14    0
1034    9   13    1
1035    9   13    0
1036   10   14    1
1037   10   14    0
1038   10   13    1
1039   10   13    0
1056    4   14    0
1057    4   14    1
1058    4   13    0
1059    4   13    1
1060    3   14    0
1061    3   14    1
1062    3   13    0
1063    3   13    1
1064    1   13    1
1065    1   13    0
1066    1   14    1
1067    1   14    0
1068    2   13    1
1069    2   13    0
1070    2   14    1
1071    2   14    0
1072    5   14    0
1073    5   14    1
1074    5   13    0
1075    5   13    1
1076    6   14    0
1077    6   14    1
1078    6   13    0
1079    6   13    1
1080    8   13    1
1081    8   13    0
1082    8   14    1
1083    8   14    0
1084    7   13    1
1085    7   13    0
1086    7   14    1
1087    7   14    0
1088   13   13    0
1089   13   13    1
1090   13   14    0
1091   13   14    1
1092   14   13    0
1093   14   13    1
1094   14   14    0
1095   14   14    1
1096   16   14    1
1097   16   14    0
1098   16   13    1
1099   16   13    0
1100   15   14    1
1101   15   14    0
1102   15   13    1
1103   15   13    0
1152   12   15    0
1153   12   15    1
1154   12   16    0
1155   12   16    1
1156   11   15    0
1157   11   15    1
1158   11   16    0
1159   11   16    1
1160    9   16    1
1161    9   16    0
1162    9   15    1
1163    9   15    0
1164   10   16    1
1165   10   16    0
1166   10   15    1
1167   10   15    0
1184    4   16    0
1185    4   16    1
1186    4   15    0
1187    4   15    1
1188    3   16    0
1189    3   16    1
1190    3   15    0
1191    3   15    1
1192    1   15    1
1193    1   15    0
1194    1   16    1
1195    1   16    0
1196    2   15    1
1197    2   15    0
1198    2   16    1
1199    2   16    0
1200    5   16    0
1201    5   16    1
1202    5   15    0
1203    5   15    1
1204    6   16    0
1205    6   16    1
1206    6   15    0
1207    6   15    1
1208    8   15    1
1209    8   15    0
1210    8   16    1
1211    8   16    0
1212    7   15    1
1213    7   15    0
1214    7   16    1
1215    7   16    0
1216   13   15    0
1217   13   15    1
1218   13   16    0
1219   13   16    1
1220   14   15    0
1221   14   15    1
1222   14   16    0
1223   14   16    1
1224   16   16    1
1225   16   16    0
1226   16   15    1
1227   16   15    0
1228   15   16    1
1229   15   16    0
1230   15   15    1
1231   15   15    0
1280   12   17    0
1281   12   17    1
1282   12   18    0
1283   12   18    1
1284   11   17    0
1285   11   17    1
1286   11   18    0
1287   11   18    1
1288    9   18    1
1289    9   18    0
1290    9   17    1
1291    9   17    0
1292   10   18    1
1293   10   18    0
1294   10   17    1
1295   10   17    0
1312    4   18    0
1313    4   18    1
1314    4   17    0
1315    4   17    1
1316    3   18    0
1317    3   18    1
1318    3   17    0
1319    3   17    1
1320    1   17    1
1321    1   17    0
1322    1   18    1
1323    1   18    0
1324    2   17    1
1325    2   17    0
1326    2   18    1
1327    2   18    0
1328    5   18    0
1329    5   18    1
1330    5   17    0
1331    5   17    1
1332    6   18    0
1333    6   18    1
1334    6   17    0
1335    6   17    1
1336    8   17    1
1337    8   17    0
1338    8   18    1
1339    8   18    0
1340    7   17    1
1341    7   17    0
1342    7   18    1
1343    7   18    0
1344   13   17    0
1345   13   17    1
1346   13   18    0
1347   13   18    1
1348   14   17    0
1349   14   17    1
1350   14   18    0
1351   14   18    1
1352   16   18    1
1353   16   18    0
1354   16   17    1
1355   16   17    0
1356   15   18    1
1357   15   18    0
1358   15   17    1
1359   15   17    0
1408   12   19    0
1409   12   19    1
1410   12   20    0
1411   12   20    1
1412   11   19    0
1413   11   19    1
1414   11   20    0
1415   11   20    1
1416    9   20    1
1417    9   20    0
1418    9   19    1
1419    9   19    0
1420   10   20    1
1421   10   20    0
1422   10   19    1
1423   10   19    0
1440    4   20    0
1441    4   20    1
1442    4   19    0
1443    4   19    1
1444    3   20    0
1445    3   20    1
1446    3   19    0
1447    3   19    1
1448    1   19    1
1449    1   19    0
1450    1   20    1
1451    1   20    0
1452    2   19    1
1453    2   19    0
1454    2   20    1
1455    2   20    0
1456    5   20    0
1457    5   20    1
1458    5   19    0
1459    5   19    1
1460    6   20    0
1461    6   20    1
1462    6   19    0
1463    6   19    1
1464    8   19    1
1465    8   19    0
1466    8   20    1
1467    8   20    0
1468    7   19    1
1469    7   19    0
1470    7   20    1
1471    7   20    0
1472   13   19    0
1473   13   19    1
1474   13   20    0
1475   13   20    1
1476   14   19    0
1477   14   19    1
1478   14   20    0
1479   14   20    1
1480   16   20    1
1481   16   20    0
1482   16   19    1
1483   16   19    0
1484   15   20    1
1485   15   20    0
1486   15   19    1
1487   15   19    0
1536   12   21    0
1537   12   21    1
1538   12   22    0
1539   12   22    1
1540   11   21    0
1541   11   21    1
1542   11   22    0
1543   11   22    1
1544    9   22    1
1545    9   22    0
1546    9   21    1
1547    9   21    0
1548   10   22    1
1549   10   22    0
1550   10   21    1
1551   10   21    0
1568    4   22    0
1569    4   22    1
1570    4   21    0
1571    4   21    1
1572    3   22    0
1573    3   22    1
1574    3   21    0
1575    3   21    1
1576    1   21    1
1577    1   21    0
1578    1   22    1
1579    1   22    0
1580    2   21    1
1581    2   21    0
1582    2   22    1
1583    2   22    0
1584    5   22    0
1585    5   22    1
1586    5   21    0
1587    5   21    1
1588    6   22    0
1589    6   22    1
1590    6   21    0
1591    6   21    1
1592    8   21    1
1593    8   21    0
1594    8   22    1
1595    8   22    0
1596    7   21    1
1597    7   21    0
1598    7   22    1
1599    7   22    0
1600   13   21    0
1601   13   21    1
1602   13   22    0
1603   13   22    1
1604   14   21    0
1605   14   21    1
1606   14   22    0
1607   14   22    1
1608   16   22    1
1609   16   22    0
1610   16   21    1
1611   16   21    0
1612   15   22    1
1613   15   22    0
1614   15   21    1
1615   15   21    0
1664   12   23    0
1665   12   23    1
1666   12   24    0
1667   12   24    1
1668   11   23    0
1669   11   23    1
1670   11   24    0
1671   11   24    1
1672    9   24    1
1673    9   24    0
1674    9   23    1
1675    9   23    0
1676   10   24    1
1677   10   24    0
1678   10   23    1
1679   10   23    0
1696    4   24    0
1697    4   24    1
1698    4   23    0
1699    4   23    1
1700    3   24    0
1701    3   24    1
1702    3   23    0
1703    3   23    1
1704    1   23    1
1705    1   23    0
1706    1   24    1
1707    1   24    0
1708    2   23    1
1709    2   23    0
1710    2   24    1
1711    2   24    0
1712    5   24    0
1713    5   24    1
1714    5   23    0
1715    5   23    1
1716    6   24    0
1717    6   24    1
1718    6   23    0
1719    6   23    1
1720    8   23    1
1721    8   23    0
1722    8   24    1
1723    8   24    0
1724    7   23    1
1725    7   23    0
1726    7   24    1
1727    7   24    0
1728   13   23    0
1729   13   23    1
1730   13   24    0
1731   13   24    1
1732   14   23    0
1733   14   23    1
1734   14   24    0
1735   14   24    1
1736   16   24    1
1737   16   24    0
1738   16   23    1
1739   16   23    0
1740   15   24    1
1741   15   24    0
1742   15   23    1
1743   15   23    0
1792   12   25    0
1793   12   25    1
1794   12   26    0
1795   12   26    1
1796   11   25    0
1797   11   25    1
1798   11   26    0
1799   11   26    1
1800    9   26    1
1801    9   26    0
1802    9   25    1
1803    9   25    0
1804   10   26    1
1805   10   26    0
1806   10   25    1
1807   10   25    0
1824    4   26    0
1825    4   26    1
1826    4   25    0
1827    4   25    1
1828    3   26    0
1829    3   26    1
1830    3   25    0
1831    3   25    1
1832    1   25    1
1833    1   25    0
1834    1   26    1
1835    1   26    0
1836    2   25    1
1837    2   25    0
1838    2   26    1
1839    2   26    0
1840    5   26    0
1841    5   26    1
1842    5   25    0
1843    5   25    1
1844    6   26    0
1845    6   26    1
1846    6   25    0
1847    6   25    1
1848    8   25    1
1849    8   25    0
1850    8   26    1
1851    8   26    0
1852    7   25    1
1853    7   25    0
1854    7   26    1
1855    7   26    0
1856   13   25    0
1857   13   25    1
1858   13   26    0
1859   13   26    1
1860   14   25    0
1861   14   25    1
1862   14   26    0
1863   14   26    1
1864   16   26    1
1865   16   26    0
1866   16   25    1
1867   16   25    0
1868   15   26    1
1869   15   26    0
1870   15   25    1
1871   15   25    0
